"resource","consumer","res.density","res.phylum","res.class","res.order","res.family","res.genus","con.density","con.phylum","con.class","con.order","con.family","con.genus","res.method","con.method","N.records","linkevidence","source.id"
"Acari","Acari",576,"Arthropoda","Arachnida",,,,576,"Arthropoda","Arachnida",,,,"exact","exact",8,"source","Brose, U. et al., 2005. Body sizes of consumers and their resources. Ecology 86:2545. Available from doi:10.1890/05-0379 .,Food Webs and Species Interactions in the Biodiversity of UK and Ireland (Online). 2017. Data provided by Malcolm Storey. Also available from http://bioinfo.org.uk.,http://iNaturalist.org is a place where you can record what you see in nature, meet other nature lovers, and learn about the natural world.,https://mangal.io - the ecological interaction database.,Ryan F. Hechinger, Kevin D. Lafferty, John P. McLaughlin, Brian L. Fredensborg, Todd C. Huspeni, Julio Lorda, Parwant K. Sandhu, Jenny C. Shaw, Mark E. Torchin, Kathleen L. Whitney, and Armand M. Kuris 2011. Food webs including parasites, biomass, body sizes, and life stages for three California/Baja California estuaries. Ecology 92:791‚Äì791. https://doi.org/10.1890/10-1383.1 ."
"Baetis","Rhyacophila",584,"Arthropoda","Insecta","Ephemeroptera","Baetidae","Baetis",24,"Arthropoda","Insecta","Trichoptera","Rhyacophilidae","Rhyacophila","exact","exact",1,"source","Brose, U. et al., 2005. Body sizes of consumers and their resources. Ecology 86:2545. Available from doi:10.1890/05-0379 .,Food Webs and Species Interactions in the Biodiversity of UK and Ireland (Online). 2017. Data provided by Malcolm Storey. Also available from http://bioinfo.org.uk.,http://iNaturalist.org is a place where you can record what you see in nature, meet other nature lovers, and learn about the natural world.,https://mangal.io - the ecological interaction database.,Ryan F. Hechinger, Kevin D. Lafferty, John P. McLaughlin, Brian L. Fredensborg, Todd C. Huspeni, Julio Lorda, Parwant K. Sandhu, Jenny C. Shaw, Mark E. Torchin, Kathleen L. Whitney, and Armand M. Kuris 2011. Food webs including parasites, biomass, body sizes, and life stages for three California/Baja California estuaries. Ecology 92:791‚Äì791. https://doi.org/10.1890/10-1383.1 ."
"Chironomidae","Rhyacophila",2224,"Arthropoda","Insecta","Diptera","Chironomidae",,24,"Arthropoda","Insecta","Trichoptera","Rhyacophilidae","Rhyacophila","exact","genus",3,"source","Brose, U. et al., 2005. Body sizes of consumers and their resources. Ecology 86:2545. Available from doi:10.1890/05-0379 .,Food Webs and Species Interactions in the Biodiversity of UK and Ireland (Online). 2017. Data provided by Malcolm Storey. Also available from http://bioinfo.org.uk.,http://iNaturalist.org is a place where you can record what you see in nature, meet other nature lovers, and learn about the natural world.,https://mangal.io - the ecological interaction database.,Ryan F. Hechinger, Kevin D. Lafferty, John P. McLaughlin, Brian L. Fredensborg, Todd C. Huspeni, Julio Lorda, Parwant K. Sandhu, Jenny C. Shaw, Mark E. Torchin, Kathleen L. Whitney, and Armand M. Kuris 2011. Food webs including parasites, biomass, body sizes, and life stages for three California/Baja California estuaries. Ecology 92:791‚Äì791. https://doi.org/10.1890/10-1383.1 ."
"Chironomidae","Simulium",2224,"Arthropoda","Insecta","Diptera","Chironomidae",,40,"Arthropoda","Insecta","Diptera","Simuliidae","Simulium","exact","exact",1,"source","Brose, U. et al., 2005. Body sizes of consumers and their resources. Ecology 86:2545. Available from doi:10.1890/05-0379 .,Food Webs and Species Interactions in the Biodiversity of UK and Ireland (Online). 2017. Data provided by Malcolm Storey. Also available from http://bioinfo.org.uk.,http://iNaturalist.org is a place where you can record what you see in nature, meet other nature lovers, and learn about the natural world.,https://mangal.io - the ecological interaction database.,Ryan F. Hechinger, Kevin D. Lafferty, John P. McLaughlin, Brian L. Fredensborg, Todd C. Huspeni, Julio Lorda, Parwant K. Sandhu, Jenny C. Shaw, Mark E. Torchin, Kathleen L. Whitney, and Armand M. Kuris 2011. Food webs including parasites, biomass, body sizes, and life stages for three California/Baja California estuaries. Ecology 92:791‚Äì791. https://doi.org/10.1890/10-1383.1 ."
"Prosimulium","Rhyacophila",384,"Arthropoda","Insecta","Diptera","Simuliidae","Prosimulium",24,"Arthropoda","Insecta","Trichoptera","Rhyacophilidae","Rhyacophila","genus","exact",2,"source","Brose, U. et al., 2005. Body sizes of consumers and their resources. Ecology 86:2545. Available from doi:10.1890/05-0379 .,Food Webs and Species Interactions in the Biodiversity of UK and Ireland (Online). 2017. Data provided by Malcolm Storey. Also available from http://bioinfo.org.uk.,http://iNaturalist.org is a place where you can record what you see in nature, meet other nature lovers, and learn about the natural world.,https://mangal.io - the ecological interaction database.,Ryan F. Hechinger, Kevin D. Lafferty, John P. McLaughlin, Brian L. Fredensborg, Todd C. Huspeni, Julio Lorda, Parwant K. Sandhu, Jenny C. Shaw, Mark E. Torchin, Kathleen L. Whitney, and Armand M. Kuris 2011. Food webs including parasites, biomass, body sizes, and life stages for three California/Baja California estuaries. Ecology 92:791‚Äì791. https://doi.org/10.1890/10-1383.1 ."
"Rhyacophila","Rhyacophila",24,"Arthropoda","Insecta","Trichoptera","Rhyacophilidae","Rhyacophila",24,"Arthropoda","Insecta","Trichoptera","Rhyacophilidae","Rhyacophila","exact","exact",1,"source","Brose, U. et al., 2005. Body sizes of consumers and their resources. Ecology 86:2545. Available from doi:10.1890/05-0379 .,Food Webs and Species Interactions in the Biodiversity of UK and Ireland (Online). 2017. Data provided by Malcolm Storey. Also available from http://bioinfo.org.uk.,http://iNaturalist.org is a place where you can record what you see in nature, meet other nature lovers, and learn about the natural world.,https://mangal.io - the ecological interaction database.,Ryan F. Hechinger, Kevin D. Lafferty, John P. McLaughlin, Brian L. Fredensborg, Todd C. Huspeni, Julio Lorda, Parwant K. Sandhu, Jenny C. Shaw, Mark E. Torchin, Kathleen L. Whitney, and Armand M. Kuris 2011. Food webs including parasites, biomass, body sizes, and life stages for three California/Baja California estuaries. Ecology 92:791‚Äì791. https://doi.org/10.1890/10-1383.1 ."
"Simulium","Rhyacophila",40,"Arthropoda","Insecta","Diptera","Simuliidae","Simulium",24,"Arthropoda","Insecta","Trichoptera","Rhyacophilidae","Rhyacophila","exact","exact",2,"source","Brose, U. et al., 2005. Body sizes of consumers and their resources. Ecology 86:2545. Available from doi:10.1890/05-0379 .,Food Webs and Species Interactions in the Biodiversity of UK and Ireland (Online). 2017. Data provided by Malcolm Storey. Also available from http://bioinfo.org.uk.,http://iNaturalist.org is a place where you can record what you see in nature, meet other nature lovers, and learn about the natural world.,https://mangal.io - the ecological interaction database.,Ryan F. Hechinger, Kevin D. Lafferty, John P. McLaughlin, Brian L. Fredensborg, Todd C. Huspeni, Julio Lorda, Parwant K. Sandhu, Jenny C. Shaw, Mark E. Torchin, Kathleen L. Whitney, and Armand M. Kuris 2011. Food webs including parasites, biomass, body sizes, and life stages for three California/Baja California estuaries. Ecology 92:791‚Äì791. https://doi.org/10.1890/10-1383.1 ."
"Simulium","Simulium",40,"Arthropoda","Insecta","Diptera","Simuliidae","Simulium",40,"Arthropoda","Insecta","Diptera","Simuliidae","Simulium","exact","exact",1,"source","Brose, U. et al., 2005. Body sizes of consumers and their resources. Ecology 86:2545. Available from doi:10.1890/05-0379 .,Food Webs and Species Interactions in the Biodiversity of UK and Ireland (Online). 2017. Data provided by Malcolm Storey. Also available from http://bioinfo.org.uk.,http://iNaturalist.org is a place where you can record what you see in nature, meet other nature lovers, and learn about the natural world.,https://mangal.io - the ecological interaction database.,Ryan F. Hechinger, Kevin D. Lafferty, John P. McLaughlin, Brian L. Fredensborg, Todd C. Huspeni, Julio Lorda, Parwant K. Sandhu, Jenny C. Shaw, Mark E. Torchin, Kathleen L. Whitney, and Armand M. Kuris 2011. Food webs including parasites, biomass, body sizes, and life stages for three California/Baja California estuaries. Ecology 92:791‚Äì791. https://doi.org/10.1890/10-1383.1 ."
"Simulium","Limnephilidae",40,"Arthropoda","Insecta","Diptera","Simuliidae","Simulium",8,"Arthropoda","Insecta","Trichoptera","Limnephilidae","Psychoglypha","genus","exact",1,"source","Brose, U. et al., 2005. Body sizes of consumers and their resources. Ecology 86:2545. Available from doi:10.1890/05-0379 .,Food Webs and Species Interactions in the Biodiversity of UK and Ireland (Online). 2017. Data provided by Malcolm Storey. Also available from http://bioinfo.org.uk.,http://iNaturalist.org is a place where you can record what you see in nature, meet other nature lovers, and learn about the natural world.,https://mangal.io - the ecological interaction database.,Ryan F. Hechinger, Kevin D. Lafferty, John P. McLaughlin, Brian L. Fredensborg, Todd C. Huspeni, Julio Lorda, Parwant K. Sandhu, Jenny C. Shaw, Mark E. Torchin, Kathleen L. Whitney, and Armand M. Kuris 2011. Food webs including parasites, biomass, body sizes, and life stages for three California/Baja California estuaries. Ecology 92:791‚Äì791. https://doi.org/10.1890/10-1383.1 ."
"Tipulidae","Tipulidae",8,"Arthropoda","Insecta","Diptera","Tipulidae","Monophilus",8,"Arthropoda","Insecta","Diptera","Tipulidae","Monophilus","exact","exact",1,"source","Brose, U. et al., 2005. Body sizes of consumers and their resources. Ecology 86:2545. Available from doi:10.1890/05-0379 .,Food Webs and Species Interactions in the Biodiversity of UK and Ireland (Online). 2017. Data provided by Malcolm Storey. Also available from http://bioinfo.org.uk.,http://iNaturalist.org is a place where you can record what you see in nature, meet other nature lovers, and learn about the natural world.,https://mangal.io - the ecological interaction database.,Ryan F. Hechinger, Kevin D. Lafferty, John P. McLaughlin, Brian L. Fredensborg, Todd C. Huspeni, Julio Lorda, Parwant K. Sandhu, Jenny C. Shaw, Mark E. Torchin, Kathleen L. Whitney, and Armand M. Kuris 2011. Food webs including parasites, biomass, body sizes, and life stages for three California/Baja California estuaries. Ecology 92:791‚Äì791. https://doi.org/10.1890/10-1383.1 ."
